-220368214
-1339942942
-429618026
-529176128
746439102
-1468955526
971809056
1818006172
-130934854
700182324
-168622740
-181258156
-821191108
-256245426
1355119484
484744412
1916296382
1319892432
1736684600
-781866146
-414788802
1056570266
1122287632
671181056
-672029980
-322159688
1412448802
-863870886
-852673598
1310078752
123305306
1074441836
2117619460
1841170928
-1602217940
716574914
-1775268244
1517074766
387097438
241280550
69773442
-1929008950
-2087461254
1396065984
-37770728
1415141880
-266673252
-268957992
587550664
-677472300
1096659510
-1974721784
-1768385680
71463494
843942920
-292932012
1896787454
108908074
990680750
-1103369790
-728496820
-1033497590
2118555694
-758361008
-1339810310
-1631145892
2105697554
-967594906
2033412522
345311346
1421169292
-44297684
563786044
1481191688
-795715348
-1621468330
748849920
1085095050
257057326
-811083064
-1739860898
-793766812
-638321200
-1360762930
1425180330
-1941861928
493788706
1174484136
314529796
-663014190
-2076369302
1733516624
450971868
-2105297254
-1172328032
1258645206
-1588959498
-1214114126
-1856433346
-1703030624
